%YAML:1.0
calibration_time: "Thu Jan 17 17:11:00 2013"
nframes: 10
image_width: 640
image_height: 480
board_width: 10
board_height: 7
square_size: 2.5000000372529030e-02
flags: 0
camera_matrix: !!opencv-matrix
   rows: 3
   cols: 3
   dt: d
   data: [ 5.3558814209886884e+02, 0., 2.9768959283518495e+02, 0.,
       5.3268475873138198e+02, 2.1512759899121102e+02, 0., 0., 1. ]
distortion_coefficients: !!opencv-matrix
   rows: 5
   cols: 1
   dt: d
   data: [ 7.6686173404864541e-02, -1.8242110858081281e-01,
       -2.0868361410533538e-03, -8.9109700168926043e-03,
       5.6538836586182944e-02 ]
avg_reprojection_error: 1.4834009948370714e+00
per_view_reprojection_errors: !!opencv-matrix
   rows: 10
   cols: 1
   dt: f
   data: [ 2.48648077e-01, 1.86040133e-01, 1.90830275e-01,
       1.08655930e-01, 1.77252054e-01, 4.60694265e+00, 5.96369624e-01,
       4.17003334e-01, 2.29907408e-01, 1.49606824e-01 ]
# a set of 6-tuples (rotation vector + translation vector) for each view
extrinsic_parameters: !!opencv-matrix
   rows: 10
   cols: 6
   dt: d
   data: [ 7.5861666700091770e-02, 4.2905938629044199e-01,
       1.6922312905807918e-01, -1.2311320813198864e-01,
       -1.5246091988869873e-01, 4.5813864255294601e-01,
       -2.8617268280879993e-01, 3.5391128282457063e-01,
       1.5594701326458976e-01, -1.4019751732068900e-01,
       -1.1426665904008401e-01, 4.7649393079674329e-01,
       4.0885766973789463e-02, 1.1730028945941391e-01,
       1.0954177383389029e-01, -3.3938192193838479e-02,
       -1.1265220639702790e-01, 5.1524706406507348e-01,
       -3.5878648008257652e-01, 2.7151873644848828e-01,
       3.9198640961519521e-01, 1.2649968785976851e-02,
       -7.7606850965539279e-03, 7.9136385552480959e-01,
       6.9019596874526246e-02, 5.6392916626318335e-01,
       -5.2209742210380883e-02, 1.5122367011064738e-01,
       -1.7247831391937041e-01, 7.5043593440216316e-01,
       1.3320189065715235e-01, 2.8228203755316034e-01,
       -7.0635003085430567e-02, -3.4219815957153614e-02,
       8.2769486968478148e-02, 1.0383606501347478e+00,
       -1.2570221837559731e-01, -1.8454390776592525e-01,
       4.1563702720731710e-01, -3.4387004984294489e-01,
       -1.7495452420017637e-02, 7.8888650422131334e-01,
       -3.7749882238823262e-01, 1.5426037950111879e-01,
       1.3305220056901992e-01, -3.5551114796598215e-01,
       2.3484743815749703e-01, 9.2156985784852630e-01,
       5.3759035166784608e-01, 8.3754456069657049e-02,
       -2.4320373117433694e-01, -3.6906732757597283e-01,
       -1.3797730779947281e-01, 8.0958044188510969e-01,
       9.4233538960990376e-02, 1.0770673894852863e-01,
       1.3540986918466608e-02, 7.0962554662527350e-02,
       -3.7663624917000274e-02, 7.5352679368704978e-01 ]
image_points: !!opencv-matrix
   rows: 10
   cols: 70
   dt: "2f"
   data: [ 1.51086441e+02, 3.50573006e+01, 1.75174026e+02,
       3.65289536e+01, 2.00303787e+02, 3.80114059e+01, 2.26454926e+02,
       3.98326645e+01, 2.53718811e+02, 4.14264946e+01, 2.82507202e+02,
       4.34863205e+01, 3.12388672e+02, 4.54343681e+01, 3.43878143e+02,
       4.72369385e+01, 3.77088196e+02, 4.92294884e+01, 4.11816010e+02,
       5.14494476e+01, 1.47648514e+02, 6.48159790e+01, 1.71727539e+02,
       6.69660187e+01, 1.96462677e+02, 6.92846375e+01, 2.22480621e+02,
       7.16252136e+01, 2.49526382e+02, 7.42083130e+01, 2.78040375e+02,
       7.68408356e+01, 3.07514038e+02, 7.96959763e+01, 3.38584534e+02,
       8.25452423e+01, 3.71284668e+02, 8.51862717e+01, 4.05553864e+02,
       8.82664642e+01, 1.44417053e+02, 9.46426849e+01, 1.68229340e+02,
       9.76821747e+01, 1.92815994e+02, 1.00380760e+02, 2.18569321e+02,
       1.03628342e+02, 2.45370239e+02, 1.06740288e+02, 2.73388031e+02,
       1.10349731e+02, 3.02555786e+02, 1.13459496e+02, 3.33338898e+02,
       1.17247948e+02, 3.65498138e+02, 1.21142303e+02, 3.99384064e+02,
       1.25070427e+02, 1.41206345e+02, 1.23892792e+02, 1.64789413e+02,
       1.27459244e+02, 1.89277191e+02, 1.30895325e+02, 2.14565063e+02,
       1.34629517e+02, 2.41260910e+02, 1.38577438e+02, 2.68862640e+02,
       1.42537338e+02, 2.97872955e+02, 1.46694275e+02, 3.28280090e+02,
       1.51279846e+02, 3.60003632e+02, 1.55595612e+02, 3.93479370e+02,
       1.60482315e+02, 1.37843018e+02, 1.53084106e+02, 1.61201843e+02,
       1.56960281e+02, 1.85491211e+02, 1.61238663e+02, 2.10660980e+02,
       1.65515976e+02, 2.37002029e+02, 1.70051804e+02, 2.64479095e+02,
       1.74696594e+02, 2.93022156e+02, 1.79587173e+02, 3.23051025e+02,
       1.84707321e+02, 3.54555328e+02, 1.90091705e+02, 3.87674774e+02,
       1.95614334e+02, 1.34504196e+02, 1.81430588e+02, 1.57725311e+02,
       1.86040436e+02, 1.81755386e+02, 1.90670227e+02, 2.06758652e+02,
       1.95616165e+02, 2.32931824e+02, 2.00692749e+02, 2.60156799e+02,
       2.06132217e+02, 2.88509399e+02, 2.11625229e+02, 3.18260010e+02,
       2.17458572e+02, 3.49347076e+02, 2.23513748e+02, 3.82017426e+02,
       2.29862396e+02, 1.31334183e+02, 2.09591064e+02, 1.54304199e+02,
       2.14713837e+02, 1.78009338e+02, 2.20036911e+02, 2.02816345e+02,
       2.25538956e+02, 2.28745850e+02, 2.31302536e+02, 2.55661026e+02,
       2.37142059e+02, 2.83827301e+02, 2.43337173e+02, 3.13300629e+02,
       2.49863205e+02, 3.44105560e+02, 2.56668396e+02, 3.76362640e+02,
       2.63938873e+02, 1.37290329e+02, 8.58385696e+01, 1.61358871e+02,
       8.63039780e+01, 1.86255692e+02, 8.65838470e+01, 2.12121643e+02,
       8.72140884e+01, 2.38939987e+02, 8.77841568e+01, 2.66727112e+02,
       8.85666275e+01, 2.95831146e+02, 8.92845688e+01, 3.25938995e+02,
       8.97824173e+01, 3.57492584e+02, 9.04051819e+01, 3.90344788e+02,
       9.09989929e+01, 1.29501694e+02, 1.11162849e+02, 1.53988861e+02,
       1.11930244e+02, 1.78914856e+02, 1.13219261e+02, 2.05058212e+02,
       1.14286774e+02, 2.32259384e+02, 1.15491165e+02, 2.60412781e+02,
       1.16758644e+02, 2.89484650e+02, 1.17830261e+02, 3.19971466e+02,
       1.19155319e+02, 3.51651642e+02, 1.20403389e+02, 3.84805206e+02,
       1.21771545e+02, 1.21493225e+02, 1.37392471e+02, 1.46111343e+02,
       1.39035904e+02, 1.71395935e+02, 1.40580124e+02, 1.97736221e+02,
       1.42294739e+02, 2.25226746e+02, 1.44085754e+02, 2.53417282e+02,
       1.46030090e+02, 2.82906860e+02, 1.47597366e+02, 3.13584686e+02,
       1.49487473e+02, 3.45639404e+02, 1.51547195e+02, 3.79306824e+02,
       1.53522903e+02, 1.13357285e+02, 1.64214951e+02, 1.38145462e+02,
       1.66314774e+02, 1.63536942e+02, 1.68469589e+02, 1.90263275e+02,
       1.70730164e+02, 2.17679443e+02, 1.73017914e+02, 2.46390335e+02,
       1.75476471e+02, 2.76162048e+02, 1.77971008e+02, 3.07274780e+02,
       1.80612808e+02, 3.39543488e+02, 1.83338745e+02, 3.73507111e+02,
       1.86058395e+02, 1.04670395e+02, 1.91801788e+02, 1.29442871e+02,
       1.94463303e+02, 1.55453979e+02, 1.97278976e+02, 1.82190491e+02,
       2.00014618e+02, 2.10194565e+02, 2.02980377e+02, 2.38907944e+02,
       2.05958206e+02, 2.68985870e+02, 2.09371979e+02, 3.00444550e+02,
       2.12539902e+02, 3.33259308e+02, 2.16026031e+02, 3.67476166e+02,
       2.19971191e+02, 9.56622314e+01, 2.20004837e+02, 1.20964439e+02,
       2.23405701e+02, 1.46746750e+02, 2.26467880e+02, 1.74080307e+02,
       2.30152496e+02, 2.02072891e+02, 2.33539246e+02, 2.31381332e+02,
       2.37442780e+02, 2.61738434e+02, 2.41285583e+02, 2.93553436e+02,
       2.45434265e+02, 3.26676392e+02, 2.49641418e+02, 3.61471069e+02,
       2.54350220e+02, 8.65974579e+01, 2.49232971e+02, 1.11636009e+02,
       2.52628357e+02, 1.38191544e+02, 2.57181427e+02, 1.65341263e+02,
       2.60832703e+02, 1.93915482e+02, 2.65542023e+02, 2.23364655e+02,
       2.69743286e+02, 2.54141083e+02, 2.74567932e+02, 2.86262238e+02,
       2.79481873e+02, 3.19890015e+02, 2.84821960e+02, 3.54894684e+02,
       2.90302124e+02, 2.61970337e+02, 9.79640579e+01, 2.87561218e+02,
       1.00257164e+02, 3.13574646e+02, 1.02611534e+02, 3.39861603e+02,
       1.05018028e+02, 3.66422516e+02, 1.07415695e+02, 3.93020294e+02,
